
      MODEL:    RBAR =   2.60223318484000021E+00  <M> =   9.13289606721002123E-01  M1 =   7.79764464830280986E+01  TSCALE =   9.04127078819863428E-01  NB =        2150  N0 =        7150


   4.3007812500000000              871         872           2           1           2           0   68.871478849437338        40.961737230316771        96.446284900945855        13.386931178808261        282.42129514130795        0.0000000000000000        1.9999455812536229        219.54448979513359       1.00000000235611619E-003   35.991888818653209        219.54448979487498       -32.035306019933905      -2.71953466690622037E-013   0.0000000000000000     
   4.5375976562500000             1615        1616           2           0           2           0   61.739218164918945       0.48046690650206858        59.144230316685345        3.0754547547356688        1674.1830418348995        0.0000000000000000       0.36917876386305548        1717.0392189957433       1.00000000074973450E-003   1045.9094690799463        1717.0392189950996      -4.30703135068678938E-002 -9.35362898246694385E-015   0.0000000000000000     
   5.1616210937500000              509         510           2           1           2           0   47.800068581443441        22.437653147678315        63.480869511542146        6.7568522175796097        179.74649324148984        0.0000000000000000        1.2884478172649083        160.03059796893501       9.99999994928502112E-004   28.009606695976764        160.03059796934082       -16.708465436805149      -2.21632608099486816E-014   0.0000000000000000     
   5.2788085937500000              257         258          14           2           2           3   21.906247789362723        45.916367989706238        67.822615779068968        0.0000000000000000        290.81418390028784        0.0000000000000000        2.8173308237060981        604.04589434406978       9.99999985620059206E-004   209.02840854149912        604.04589434841364       -4.1514444356171962       3.57021270186441697E-014   0.0000000000000000     
   6.2880859375000000             1791        1792           4           1           4           0   35.422186309950945        2.3319901309467648        31.022544115639928        6.7316323252577845        849.59646138378082        0.0000000000000000        3.0297830462657331        1531.9552942518837       1.00000000084776719E-003   1131.5514717288638        1531.9552942512344      -0.13442796431182660      -1.32948122996690010E-014   0.0000000000000000     
   7.0488281250000000             2475        2476           2           1           2           0   31.124663240664457        7.5336174524484250        35.560553824100673        3.0977268690122157        146.05571637427880        0.0000000000000000        1.2288134549439003        179.16388920399609       9.99999971850962233E-004   44.724153675031921        179.16388920651778       -3.2628070053876002      -2.31975896824998529E-015   0.0000000000000000     
   7.6455078125000000             1701        1702           4           1           4           3   28.705793779183939        1.5581018128246089        30.263895592008549        0.0000000000000000        693.71615596227457        1.1070645622819268        2.1898155309707619        1104.4203739472878       1.00000000025179947E-003   773.61855256223521        1104.4203739471486      -0.10096355323926721       4.31729305083727866E-016   0.0000000000000000     
   8.4782714843750000             1733        1734           2           1           2           3   25.431992863682844        4.4782168402563958        29.910209703939238        0.0000000000000000        17.501697674567758        1.9518855795667998        1.7371113204392583        32.230730543506503       9.99999902781878447E-004   3.8795662421318644        32.230730545073193       -8.8094542634701707      -4.77048955893621951E-016   0.0000000000000000     
   9.0378417968750000              749         750           2           1           2           3   23.908408110771948        13.309942875375331        37.218350986147279        0.0000000000000000        24.284913421655560        4.6599048745025700       0.41881546763607719        53.121170638729588       9.99999987231547927E-004   7.3588604738651844        53.121170639068737       -14.934574639423401      -1.23035262533655043E-015   0.0000000000000000     
   9.8149414062500000              895         896           2           1           2           3   22.119102557400009        14.366787823926014        36.485890381326023        0.0000000000000000        18.828016781362670        5.2625457521138221        3.9363458111127745        44.275126899645045       1.00000016853041274E-003   5.6554207912386536        44.275126895914198       -17.893735289947667       2.75625876289264937E-015   0.0000000000000000     
   10.565429687500000             3899        3900           4           1           4           3   20.974905560750560        20.490976804381777        41.465882365132344        0.0000000000000000        46.693555496151262        13.931965354660431        2.0174717790277232        87.274996450120710       9.99999993816502730E-004   14.681721469551126        87.274996450390589       -12.277402070332478      -2.08303426590950025E-014   0.0000000000000000     
   10.714843750000000             2299        2300           4           1           4           0   20.464303893355353        18.896345353233162        35.770262868448086        3.5903863781404342        76.664944511769079        0.0000000000000000        8.6776461083167291        141.81519966047512       9.99999721072009073E-004   31.213374345451466        141.81519968025324       -6.7980703712704287       5.35189297393157126E-017   0.0000000000000000     
   10.761230468750000             3549        3550           2           1           2           3   20.155801135327145        7.3458135490146397        27.501614684341785        0.0000000000000000        22.534695889816753        2.8067217397284288        1.3919389693501476        45.016041492880440       1.00000006606215663E-003   6.6782017309590955        45.016041491401410       -8.1998575163601544       3.22008045228194817E-017   0.0000000000000000     
   10.911621093750000             3383        3384           4           1           4           0   20.837940756613254        3.4226460973150181        20.220048891759912        4.0405379621683615        222.86888805755319        0.0000000000000000        2.0547820285598881        333.78573278363518       9.99999992944422544E-004   143.56172885212749        333.78573278481264      -0.53269996414701004      -2.41690348290468648E-015   0.0000000000000000     
   11.092773437500000             4137        4138           2           1           2           3   19.863017035946136        19.450089519168916        39.313106555115056        0.0000000000000000        20.474327959648452        12.879738631473812        1.9844139500500670        52.698997996362024       9.99999970120568626E-004   7.0749362590899203        52.698997997149306       -18.276713522840602       2.64979010955457284E-015   0.0000000000000000     
   12.637695312500000             1929        1930           4           1           4           0   18.442072208331478        14.059016074511197        25.914905344020347        6.5861829388223292        120.96313560966624        0.0000000000000000        1.1341370418614887        203.35669145622848       1.00000000450040094E-003   58.982941356734848        203.35669145577091       -3.1786288504613793      -3.43627036547555775E-014   0.0000000000000000     
   12.782226562500000             2851        2852           4           1           4           3   18.323618488237219        15.215889286074304        33.539507774311524        0.0000000000000000        277.75514178739587        7.1828388978388311        1.8337245474464396        555.27882587543593       1.00000000049316196E-003   261.98474515260114        555.27882587529905       -1.2517889399720215      -5.50005353761040539E-012   0.0000000000000000     
   13.698730468750000              253         254           2           1           2           3   16.738663749388905        2.0876154098147128        18.826279159203619        0.0000000000000000        21.451414422969751        1.2333657938190918        1.8883024639692860        36.734115837400154       9.99999980639265651E-004   5.9499020505499729        36.734115837755738       -2.3715666296143785       4.21754645096861225E-017   0.0000000000000000     
   14.442871093750000             2717        2718           2           1           2           3   16.045856263207185        6.0745120448079870        22.120368308015173        0.0000000000000000        13.415875441167751        2.4993689942436652        3.9920484463116610        28.668461826870800       1.00000002473854543E-003   3.7844091839973020        28.668461826516197       -8.4762458702287375       6.69494841509798988E-018   0.0000000000000000     
   14.491699218750000             2813        2814           2           1           2           0   15.705322930404030        9.6923561090479922        24.490033596993687       0.90764544245833512        29.421299386138333        0.0000000000000000        2.9925499888741167        37.505620518364239       1.00000024817947786E-003   5.2848807736917944        37.505620513710177       -10.118439065425560       6.76542155630954767E-017   0.0000000000000000     
   14.848144531250000              371         372           4           1           4           3   16.291587707636456        8.6114078802059275        24.902995587842383        0.0000000000000000        86.997958742941279        3.3998552533699922       0.71069498492285355        197.31025389428211      -1.00000000475231055E-003   64.207162861764374        197.31025389475096       -1.7761929727639849      -1.22315352291124668E-014   0.0000000000000000     
   15.106445312500000             3111        3112           4           1           4           0   16.115631690047529        2.5838037033092176        13.414838263667061        5.2845971296896863        357.20832041681820        0.0000000000000000        4.6203374639714694        600.66943925208420       9.99999988345434687E-004   394.75417745155653        600.66943925558439      -0.17282435944985725       8.41544173756092473E-017   0.0000000000000000     
   15.441894531250000             3537        3538           4           1           4           3   15.387846947704878        1.8168649196908147        17.204711867395691        0.0000000000000000        34.936775267209924        1.1568347523230247        5.4344355780337050        61.446717892260914       1.00000013297318890E-003   13.465175261668273        61.446717888175513       -1.1343196352882443       6.20028117390147848E-019   0.0000000000000000     
   15.639648437500000             3007        3008           2           1           2           3   15.119918700414150        12.683248543485771        27.803167243899921        0.0000000000000000        12.961538759475744        5.9649533199251588        11.689114318601794        31.874439550155547       9.99999760323944109E-004   3.9573492176782095        31.874439553975296       -14.999301827413694       4.87890977618476995E-019   0.0000000000000000     
   21.750976562500000              851         852           2           1           2           3   11.993923278521697        5.5614940405459059        17.555417319067601        0.0000000000000000        14.591660719354566        2.4437271565450982       0.58732921194680898        31.940482343241804       9.99999988870348133E-004   4.9956764505911462        31.940482343419575       -5.2064885195888380       2.25297211442487821E-016   0.0000000000000000     
   22.316406250000000             1901        1902           4           2           2           3   11.970892382279342        11.794980186991658        23.765872569271000        0.0000000000000000        48.678222271595565        0.0000000000000000       0.77737298371409624        119.64056983177267       9.99999983602228859E-004   31.126372021927935        119.64056983275364       -2.9422455326146779      -3.87775749011165516E-015   0.0000000000000000     
   23.738281250000000              327         328           5           1           5           3   11.736306371629581        9.3232609231242680        21.059567294753847        0.0000000000000000        1287.2128778272709        4.6217963219077225        3.0046902281404502        2868.4319208141274       9.99999997144396247E-004   3881.7697833800880        2868.4319208182228      -9.51017202235898834E-002 -6.60416003567948495E-014   0.0000000000000000     
   26.312500000000000             1551        1552           2           1           2           0   10.369200433032711        8.5783896709321041        16.856226195249214        2.0913639087156026        21.142409722830568        0.0000000000000000        4.7619640995980204        153.80256727014478       9.99999952191132913E-004   50.810803564226731        153.80256727382130       -1.4418533716315611      -8.23044974188058553E-016   0.0000000000000000     
   26.476562500000000             1985        1986           2           1           2           0   10.536787468799560        8.9944405745190341        14.833178114485118        4.6980499288334761        29.700786753787337        0.0000000000000000        1.5208294918562828        354.07731303556682       9.99999999711342902E-004   174.81152141596087        354.07731303561798      -0.66729507398037746       1.13505125437507459E-015   0.0000000000000000     
   29.365234375000000             1059        1060           3           0           3           3   9.8766336362664813       0.61752160822800417        10.494155244494486        0.0000000000000000        457.96268255923786       0.55985830954448423        17.873603931192601        712.08873128431583       9.99999998249068156E-004   680.16629029949604        712.08873128493917      -2.13530851977473228E-002  2.09595253479466503E-015   0.0000000000000000     
   34.099609375000000               33          34           2           1           2           0   8.9729136989300429        7.5761263516792141        13.587661303644879        2.9613787469643800        27.665067639074859        0.0000000000000000       0.94170788369448399        259.04341948953993       1.00000001782107883E-003   118.83930947217917        259.04341948723169      -0.65424705770117308       5.17652327253204092E-015   0.0000000000000000     
   38.857421875000000             3659        3660           2           1           2           0   8.3886277561032969        1.9055719255076611        6.7388679984085078        3.5553316832024495        233.32610782751919        0.0000000000000000        7.3546670205243778        249.68769588074343       9.99999973246956664E-004   142.58935190210158        249.68769588408341      -0.15960730697786502      -8.02309607639273281E-018   0.0000000000000000     
   44.855468750000000             4073        4074           8           1          13           0   2.6188555694120335        6.6558810690939927        1.1078690519591090        8.1668675865469176       1.39999999999999998E-005   0.0000000000000000        3.3244040710152993        10.299334847942236       9.99997953266218431E-004   1.2584925522264954        10.299334858482235       -4.2193112643709210       1.35525271560688054E-020   0.0000000000000000     
   59.681640625000000             3065        3066           5           4           5           3   6.8251615444388820        6.7588337962427074        13.583995340681589        0.0000000000000000        520.31865766301439        35.040798261606341        2.5234192322145743        1348.8383918659802       1.00000002987987724E-003   1558.5250706245063        1348.8383918458292      -8.52625713824777670E-002 -8.65936336199614465E-010   0.0000000000000000     
   67.224609375000000             3889        3890           8           1           6           3   2.0442355747506213       0.77731256603816778        2.4908045489845798       0.33074359180420954        5.9574153759906512       0.72364108910354685        11.105807842887337        12.132509011263258       1.00000398559618731E-003   2.9172246828006672        12.132508987085622      -0.32651989744227916      -3.04931861011548122E-020   0.0000000000000000     
   76.886718750000000             3531        3532           2           1           2           0   5.7000696281819083        2.2475767675519256        7.6737669399885187       0.27387945574531491        21.762598275067802        0.0000000000000000        1.7859869696046409        32.625032714634649       9.99998868211005032E-004   7.6646943664795115        32.625032733096972      -0.97898802984201716       9.08019319456609963E-019   0.0000000000000000     
   80.958984375000000             1181        1182          12           2           2           3   1.1866815831647903        6.1607218966407551        7.3474034798055463        0.0000000000000000        37.979347490959661        0.0000000000000000        1.5876516360731536        70.885363291226668       9.99999785176508560E-004   25.530280475044620        70.885363298843302      -0.25712415657556031      -3.48299947910968299E-018   0.0000000000000000     
   103.37695312500000             2731        2732           8           1           8           3   1.5928190148247809        1.0208179820458965        2.6136369968706772        0.0000000000000000        7.0336151723825200       0.94627264472132422       0.36997553927844545        15.527446045504435       1.00000183712323221E-003   4.3884897259035904        15.527446031241523      -0.26106482330219705       7.25060202849681090E-019   0.0000000000000000     
   111.79687500000000             3489        3490           6           1           6           3   4.9711744440121306        3.5208584758974668        8.4920329199095974        0.0000000000000000        673.88055105614308        2.1574483858717239        2.5982043083517445        1589.2340112182299      -1.00000002699562884E-003   2513.3949285745371        1589.2340112396810      -2.75119867077328502E-002  7.65175683231644754E-016   0.0000000000000000     
   116.06640625000000             2947        2948           8           1           8           3   1.4927584813866668        3.4477154754521542        4.9404739568388205        0.0000000000000000        9.9396838319438743        2.1222284847531947        1.1070227438714839        29.884816359529015       1.00000093767549370E-003   8.5227403373908039        29.884816345517951      -0.42934263474823148       7.58941520739853104E-019   0.0000000000000000     
   125.54296875000000             3451        3452           2           1           2           3   4.5842966083360714        4.4137993468350221        8.9980959551710935        0.0000000000000000        10.093085232116550        4.0656521268617318        4.7582112345177423        26.264863081485476       1.00000020657675659E-003   5.2032546184495061        26.264863078772613       -1.9206303917802121       3.59141969635823344E-019   0.0000000000000000     
   127.62890625000000             3755        3756           2           1           2           3   4.5482132172101783        2.8109444705453113        7.3591576877554896        0.0000000000000000        7.5649475458706119        1.6945159422854941        2.8464746601896054        17.736837193552095       1.00000188540994017E-003   3.1929189344654851        17.736837176831486       -1.7970102145570039       9.48676900924816380E-020   0.0000000000000000     
   134.58007812500000              261         262           2           0           2           0   4.4340631207150878       0.49739995413519317        4.6861708262382011       0.24529224861207982        54.693219572316444        0.0000000000000000        10.158214933434376        76.648665755274891       1.00000120357024436E-003   35.039401806115443        76.648665709148872      -7.17359172349723295E-002  4.06575814682064163E-020   0.0000000000000000     
   136.20312500000000             4171        4172           5           0           5           0   4.5038127062813276       0.47163452757496738        4.8409499135871048       0.13449732026919020        499.11832895654084        0.0000000000000000        3.9229395413256802        817.33012243842359       9.99999970020870599E-004   1214.6967562148022        817.33012245067505      -6.47920992328335655E-003  1.98713929425858860E-017   0.0000000000000000     
   138.14648437500000             2205        2206           6           1           6           3   1.7049948092742035        2.6006644539004902        4.3056592631746939        0.0000000000000000        1034.5466519934153        1.5821611645526819        4.4902392409200429        2938.6995976962130       1.00000001031896879E-003   8902.2674549749954        2938.6995976810535      -3.76171450831331439E-003 -1.53969244580560993E-015   0.0000000000000000     
   158.79687500000000             3127        3128           5           1           5           0   3.5220696411028660        3.9698760854671966        7.0004533073990176       0.49149241917104580        437.13136074650635        0.0000000000000000        3.8743460112428498        648.34499835725501       9.99999697629538886E-004   699.35810520527559        648.34499845527534      -5.37653364407845377E-002 -2.18873313570511208E-018   0.0000000000000000     
   167.44921875000000             4223        4224           2           1           2           0   3.9712106069915483        1.2437764991541749        5.1159462032992877       9.90409028464345614E-002   13.579798782766282        0.0000000000000000        5.4375441794119856        20.340829156811864       1.00000588298387871E-003   4.6581560911700768        20.340829096979473      -0.60538305173315299      -2.11758236813575085E-020   0.0000000000000000     
   173.46484375000000             1037        1038           5           1           5           3   4.1102215351581846        3.6072089465490333        7.7174304817072183        0.0000000000000000        108.32459155996386        2.9264370005088125        3.2861070378628754        268.10408104226025       1.00000034847969044E-003   183.23416393654350        268.10408099554553      -0.13786903880815740       2.46005472936960956E-016   0.0000000000000000     
   181.79492187500000             1829        1830           2           1           2           3   3.8367380929002088       0.74774189674934977        4.5017303812472393       8.27496084023194162E-002   11.277941822251391       0.69524259606825678        4.8959697629133698        20.744226776854244       9.99998794672940505E-004   5.1166830157844325        20.744226789356031      -0.34478650587171361      -6.77626357803440271E-021   0.0000000000000000     
   184.49609375000000             3331        3332           2           0           2           3   3.8376410955664912       0.49918654550891517        4.3368276410754065        0.0000000000000000        44.056268315680171       0.44528286577364667        2.5913423616642728        75.053147456037195       9.99999067295198607E-004   36.203866911284976        75.053147491018166      -6.36344009932924143E-002  4.42151198466744777E-019   0.0000000000000000     
   223.56250000000000             2261        2262           8           1           8           3   1.0723187918200261        1.2193893257221360        2.2917081175421621        0.0000000000000000        7.8110015863866895        1.0845489655850948        25.186757324517494        20.304776011588668       9.99999972190690478E-004   7.0081813193300082        20.304776011871002      -0.16054683395059133      -2.83756037330190614E-020   0.0000000000000000     
   228.22659301757813              379         380           2           1           2           0   3.4471697422412140        2.5937736763567476        5.6898125486404671       0.35113086995749421        57.955505406602256        0.0000000000000000        5.1624632513524782        50.520800846050577       9.99999816936769648E-004   16.941062005249250        50.520800850674839      -0.44122302096135047      -8.63973606199386346E-019   0.0000000000000000     
   228.75396728515625               27          28           2           1           2           0   3.4915169932000709        1.8316645030478991        5.0730153173715529       0.25016617887641768        37.284875114108651        0.0000000000000000        7.5175479955375923        37.183345868454346       1.00000144918654943E-003   11.395273143124136        37.183345841509798      -0.42879060960476989       1.35525271560688054E-020   0.0000000000000000     
   247.59375000000000             1575        1576           3           1           3           3   3.3973294253122086        3.2799756056843292        3.8017514186805359        2.8755536123160015        45.839446949178530        3.4423863338473937        4.2919557196776585        117.81242877099886       9.99999172138221759E-004   57.381742509813236        117.81242881976510      -0.23580380441896137      -7.71138795180315029E-018   0.0000000000000000     
   274.35937500000000             3591        3592           5           1           5           3   3.3859112346130593        1.0735308224185083        4.4594420570315680        0.0000000000000000        108.72537928422817       0.99688652789610022        2.1113403336965031        224.32744496477508       1.00000019709700627E-003   184.48923448070462        224.32744494266800      -4.03962749429359544E-002 -1.72794721239877269E-019   0.0000000000000000     
   324.67187500000000             3761        3762           5           1           5           0   2.9756443491999502        1.6283239200105804        4.5178476355416519       8.61206336688786073E-002   412.36408214594098        0.0000000000000000        26.426559087932951        530.54735939630245       1.00000013975543034E-003   660.40104496581330        530.54735935922906      -2.27683370029356999E-002 -2.16840434497100887E-019   0.0000000000000000     
   339.94531250000000             2297        2298           6           4           6           3   2.9611514889847466        3.0711068655401501        6.0322583545248971        0.0000000000000000        498.25387080547711        22.522890337462208        2.7473913513293713        1317.4434862768028       1.99999989969468217E-003   2260.9872957486459        1317.4434864054565      -1.71918358564888719E-002 -2.16006954077002655E-016   0.0000000000000000     
   353.92187500000000             2783        2784          11           2           2           3  0.84435612373027968        3.0193178784711918        3.8636740022014715        0.0000000000000000        13.662158057389977        0.0000000000000000        36.225366862645885        26.815010885589022       9.99990491836744155E-004   8.1913296154766151        26.815011013164945      -0.23702281905716344       2.71050543121376109E-020   0.0000000000000000     
   363.99609375000000             3369        3370           8           1           8           3  0.86603008857681951        1.0583590892614010        1.9243891778382205        0.0000000000000000        6.5666558775913364       0.98690912444538437        16.536434101669563        17.751876312864642       9.99998599126028509E-004   6.2518365925541133        17.751876325298706      -0.12872277807829441      -1.60936259978317064E-020   0.0000000000000000     
   410.95312500000000             1367        1368          12           2           2           3   1.1891482774839666        2.7857209426427176        3.9748692201266840        0.0000000000000000        11.732491606831047        0.0000000000000000        28.779737205574154        24.700669509318171       1.00000067782657354E-003   7.1398541806596389        24.700669501011316      -0.33434785259953220       1.10114283143059044E-020   0.0000000000000000     
   517.25781250000000             2397        2398           2           1           2           3   2.5119182024063993        1.6604926858004929        4.1724108882068922        0.0000000000000000        17.826544751826592        1.2430460399661185        2.6654581694350572        42.994324255478162      -2.00000321202242759E-003   15.931529858057846        42.994324322485411      -0.24258682355191283      -2.41234983378024737E-018   0.0000000000000000     
   536.01562500000000             1045        1046           6           1           6           3   2.4826137558999450        1.1964355014549384        3.6790492573548828        0.0000000000000000        491.80655696546955        1.0874782848637092        1.8898945835679564        1081.4499095149570      -1.00000001049749265E-003   2143.5153823968521        1081.4499095206340      -6.86110825988589784E-003  7.62106035830795170E-016   0.0000000000000000     
   557.45312500000000             3135        3136           3           1           3           3   2.3055138336514651        2.0478786346209668        4.3533924682724319        0.0000000000000000        18.533393048380308        1.6861368754684745        7.5789007874066492        46.082262148779485       2.28676871085091715E-002   17.971843184220781        46.082262139345445      -0.24983868613703453       7.96210970419042319E-020   0.0000000000000000     
   638.17187500000000             1355        1356           2           0           2           3   2.3106093522781879       0.11002435128684991        2.4206337035650378        0.0000000000000000        6.7078367071059315       0.13735340038231925        5.2457039997310106        10.222349315214728       9.99996112404089033E-004   2.4358425557933940        10.222349335084910      -6.20009391354146636E-002 -3.72694496791892149E-020   0.0000000000000000     
   734.00000000000000             2655        2656           2           0           2           3   2.1873417177122305       0.15173937837869680        2.3390810960909274        0.0000000000000000        10.797008843949850       0.17436675068283786        11.695635989756449        17.484826493191765      -9.99985144922277414E-004   5.5265505733529192        17.484826363322540      -4.74193770992913030E-002  6.77626357803440271E-021   0.0000000000000000     
