
 NAM1  NAM2  K1 K2   TPHYS     AGE1      AGE2     M01    M02    M1     M2     Z      e        P        JSPIN1      JSPIN2
   2370   2369  0  0 11     0.001     0.001     0.001  0.000  0.204  0.000  0.204 0.0020 0.000  5.6424E+00  1.0370E-10  3.0306E-02 NEW 
    258    257  2 14 11     4.757     4.810     0.462 46.093 24.340 45.916 21.906 0.0020 0.001  2.0903E+02  1.4256E+05  7.9375E+00 NEW 
    258    257  2 15 11     4.773     0.462     0.000 24.340 46.093 21.906  0.000 0.0020 0.001  0.0000E+00  7.9375E+00  0.0000E+00 COAL
   1701   1702  4  1 11     6.913     6.961     6.913 29.624  1.558 28.706  1.558 0.0020 0.001  7.7362E+02  1.8162E+04  2.4625E+02 NEW 
   1701   1702  4 15 11     6.913     6.913     0.000  1.558 29.624  1.558  0.000 0.0020 0.001  0.0000E+00  2.4625E+02  0.0000E+00 COAL
   1733   1734  2  1 11     7.663     7.708     7.664 25.432  4.478 25.432  4.478 0.0020 0.001  3.8796E+00  1.1907E+05  5.4372E+03 NEW 
   1733   1734  2 15 11     7.665     7.664     0.000  4.478 25.432  4.478  0.000 0.0020 0.001  0.0000E+00  5.4371E+03  0.0000E+00 COAL
    749    750  2  1 11     8.166     8.208     8.168 23.909 13.310 23.908 13.310 0.0020 0.001  7.3589E+00  5.0136E+04  3.5451E+04 NEW 
    749    750  2 15 11     8.171     8.168     0.000 13.310 23.909 13.310  0.000 0.0020 0.001  0.0000E+00  3.5449E+04  0.0000E+00 COAL
    895    896  2  1 11     8.873     8.913     8.878 22.119 14.367 22.119 14.367 0.0020 0.001  5.6554E+00  5.2466E+04  3.5020E+04 NEW 
    895    896  2 15 11     8.874     8.878     0.000 14.367 22.119 14.367  0.000 0.0020 0.001  0.0000E+00  3.5006E+04  0.0000E+00 COAL
   3899   3900  4  1 11     9.523     9.560     9.559 21.003 20.491 20.975 20.491 0.0020 0.001  1.4682E+01  1.9919E+05  6.9137E+04 NEW 
   3899   3900  4 15 11     9.552     9.559     0.000 20.491 21.003 20.491  0.000 0.0020 0.001  0.0000E+00  6.9115E+04  0.0000E+00 COAL
   3549   3550  2  1 11     9.723     9.760     9.725 20.394  7.346 20.156  7.346 0.0020 0.101  6.6782E+00  6.8924E+04  1.3347E+04 NEW 
   3549   3550  2 15 11     9.730     9.725     0.000  7.346 20.394  7.346  0.000 0.0020 0.091  0.0000E+00  1.3347E+04  0.0000E+00 COAL
   4137   4138  2  1 11    10.027    10.060    10.060 19.863 19.450 19.863 19.450 0.0020 0.001  7.0749E+00  3.9594E+04  3.3711E+04 NEW 
   4137   4138  2 15 11    10.029    10.060     0.000 19.450 19.863 19.450  0.000 0.0020 0.001  0.0000E+00  3.3849E+04  0.0000E+00 COAL
   2851   2852  4  1 11    11.556    11.589    11.570 18.611 15.216 18.324 15.216 0.0020 0.001  2.6198E+02  2.7311E+05  4.4638E+04 NEW 
   2851   2852  4 15 11    11.557    11.570     0.000 15.216 18.611 15.216  0.000 0.0020 0.001  0.0000E+00  4.4638E+04  0.0000E+00 COAL
    253    254  2  1 11    12.367    12.396    12.367 16.739  2.088 16.739  2.088 0.0020 0.001  5.9499E+00  4.0418E+04  7.4675E+02 NEW 
    253    254  2 15 11    12.385    12.367     0.000  2.088 16.739  2.088  0.000 0.0020 0.001  0.0000E+00  7.4675E+02  0.0000E+00 COAL
   2717   2718  2  1 11    13.056    13.083    13.057 16.046  6.075 16.046  6.075 0.0020 0.001  3.7844E+00  3.6093E+04  9.3316E+03 NEW 
   2717   2718  2 15 11    13.058    13.057     0.000  6.075 16.046  6.075  0.000 0.0020 0.001  0.0000E+00  9.3314E+03  0.0000E+00 COAL
    371    372  4  1 11    13.424    13.452    13.425 16.392  8.611 16.292  8.611 0.0020 0.001  6.4207E+01  1.5513E+05  1.7526E+04 NEW 
    371    372  4 15 11    13.425    13.425     0.000  8.611 16.392  8.611  0.000 0.0020 0.001  0.0000E+00  1.7526E+04  0.0000E+00 COAL
   3537   3538  4  1 11    13.961    13.987    13.961 15.459  1.817 15.388  1.817 0.0020 0.001  1.3465E+01  4.6182E+04  4.4822E+02 NEW 
   3537   3538  4 15 11    13.961    13.961     0.000  1.817 15.459  1.817  0.000 0.0020 0.001  0.0000E+00  4.4822E+02  0.0000E+00 COAL
   3007   3008  2  1 11    14.131    14.154    14.139 15.120 12.683 15.120 12.683 0.0020 0.001  3.9573E+00  2.9860E+04  1.1948E+04 NEW 
   3007   3008  2 15 11    14.140    14.139     0.000 12.683 15.120 12.683  0.000 0.0020 0.001  0.0000E+00  1.1948E+04  0.0000E+00 COAL
    851    852  2  1 11    19.665    19.680    19.666 11.994  5.561 11.994  5.561 0.0020 0.001  4.9957E+00  1.4709E+04  8.1296E+03 NEW 
    851    852  2 15 11    19.666    19.666     0.000  5.561 11.994  5.561  0.000 0.0020 0.001  0.0000E+00  8.1296E+03  0.0000E+00 COAL
   1902   1901  2  4 11    20.166    20.203    20.188 11.796 12.093 11.795 11.971 0.0020 0.001  3.1126E+01  2.8221E+04  2.8442E+04 NEW 
   1902   1901  2 15 11    20.177    20.188     0.000 12.093 11.796 11.971  0.000 0.0020 0.001  0.0000E+00  2.8092E+04  0.0000E+00 COAL
    327    328  5  1 11    21.426    21.441    21.429 12.114  9.323 11.736  9.323 0.0020 0.001  3.8818E+03  1.2044E+06  2.0019E+04 NEW 
    327    328  5 15 11    21.462    21.429     0.000  9.323 12.114  9.323  0.000 0.0020 0.001  0.0000E+00  2.0019E+04  0.0000E+00 COAL
   1059   1060  3  0 11    26.368    26.430    26.368  9.942  0.618  9.877  0.618 0.0020 0.001  6.8017E+02  6.0823E+04  1.0151E+01 NEW 
   1059   1060  3 15 11    26.550    26.368     0.000  0.618  9.942  0.618  0.000 0.0020 0.001  0.0000E+00  1.0151E+01  0.0000E+00 COAL
   1367   1368  8  1 11    35.218     5.252    35.213  1.949  2.489  1.945  2.489 0.0020 0.001  3.2448E+00  7.6351E+01  1.3303E+03 NEW 
   1367   1368  9  1 12    35.249     5.284    23.759  1.949  2.786  1.189  2.786 0.0020 0.001  6.8095E+00  1.0000E-10  5.6388E+03 END 
   1181   1182  8  1 11    36.245     5.487    36.248  1.909  5.448  1.905  5.448 0.0020 0.001  7.0130E+00  5.4601E+01  7.8747E+03 NEW 
   1181   1182  9  1 12    36.278     5.520    25.070  1.909  6.165  1.187  6.165 0.0020 0.001  2.5188E+01  1.0000E-10  2.6624E+04 END 
   3065   3066  5  4 11    53.945    54.042    54.042  7.010  6.867  6.825  6.759 0.0020 0.001  1.5585E+03  2.6779E+05  8.2850E+03 NEW 
   3065   3066  5 15 11    53.960    54.042     0.000  6.867  7.010  6.759  0.000 0.0020 0.001  0.0000E+00  8.2850E+03  0.0000E+00 COAL
   3889   3890  8  1 11    60.771     4.778    60.771  2.046  0.777  2.044  0.777 0.0020 0.001  2.9172E+00  9.5951E+01  2.8692E+01 NEW 
   3889   3890  6 15 11    60.780    60.771     0.000  0.777  5.714  0.000  0.000 0.0020 0.001  0.0000E+00  0.0000E+00  0.0000E+00 COAL
   1182   1181  2 12 13    73.196    62.057    36.917  6.161  1.187  6.161  1.187 0.0020 0.001  2.5530E+01  1.7392E+04  1.0000E-10 NEW 
   1182   1181  2 15 13    73.197    36.917     0.000  1.187  6.161  1.187  0.000 0.0020 0.001  0.0000E+00  1.0000E-10  0.0000E+00 COAL
   2783   2784  8  1 11    76.335    16.104    76.327  1.164  2.703  1.162  2.703 0.0020 0.001  3.1394E+00  2.3258E+01  1.6935E+03 NEW 
   2783   2784  8  1 12    76.448    16.218    52.185  1.164  3.020  0.844  3.020 0.0020 0.001  7.6894E+00  1.0000E-10  6.5444E+03 END 
   2731   2732  8  1 11    93.464     7.957    93.464  1.593  1.021  1.593  1.021 0.0020 0.001  4.3885E+00  4.9951E+01  8.2321E+01 NEW 
   2731   2732  8 15 11    93.466    93.464     0.000  1.021  1.593  1.021  0.000 0.0020 0.001  0.0000E+00  8.2321E+01  0.0000E+00 COAL
   3489   3490  6  1 11   101.045   101.125   101.049  5.132  3.521  4.971  3.521 0.0020 0.001  2.5134E+03  1.5364E+05  3.2976E+03 NEW 
   3489   3490  6 15 11   101.079   101.049     0.000  3.521  5.132  3.521  0.000 0.0020 0.001  0.0000E+00  3.2976E+03  0.0000E+00 COAL
   2947   2948  8  1 11   104.932     9.144   104.933  1.495  3.448  1.493  3.448 0.0020 0.001  8.5227E+00  3.1349E+01  3.1439E+03 NEW 
   2947   2948  8 15 11   104.939   104.933     0.000  3.448  1.495  3.448  0.000 0.0020 0.001  0.0000E+00  3.1439E+03  0.0000E+00 COAL
   3451   3452  2  1 11   113.506   113.552   113.538  4.584  4.414  4.584  4.414 0.0020 0.001  5.2033E+00  3.8278E+03  5.2827E+03 NEW 
   3451   3452  2 15 11   113.507   113.538     0.000  4.414  4.584  4.414  0.000 0.0020 0.001  0.0000E+00  5.2825E+03  0.0000E+00 COAL
   3755   3756  2  1 11   115.392   115.437   115.394  4.548  2.811  4.548  2.811 0.0020 0.001  3.1929E+00  3.1553E+03  1.8491E+03 NEW 
   3755   3756  2 15 11   115.393   115.394     0.000  2.811  4.548  2.811  0.000 0.0020 0.001  0.0000E+00  1.8491E+03  0.0000E+00 COAL
   2205   2206  6  1 11   124.877   124.957   124.878  4.655  2.601  1.705  2.601 0.0020 0.001  8.9023E+03  2.8506E+04  1.5168E+03 NEW 
   2205   2206  6 15 11   124.902   124.878     0.000  2.601  4.655  2.601  0.000 0.0020 0.001  0.0000E+00  1.5168E+03  0.0000E+00 COAL
   1037   1038  5  1 11   156.829   156.912   156.845  4.193  3.607  4.110  3.607 0.0020 0.001  1.8323E+02  4.4955E+04  3.4790E+03 NEW 
   1037   1038  5 15 11   156.834   156.845     0.000  3.607  4.193  3.607  0.000 0.0020 0.001  0.0000E+00  3.4790E+03  0.0000E+00 COAL
   1829   1830  2  1 11   164.366   164.407   164.366  3.877  0.748  3.837  0.748 0.0020 0.001  5.1167E+00  3.8241E+03  2.3621E+01 NEW 
   1829   1830  2 15 11   164.366   164.366     0.000  0.748  4.502  0.000  0.000 0.0020 0.001  0.0000E+00  0.0000E+00  0.0000E+00 COAL
   3331   3332  2  0 11   166.808   166.888   166.808  3.857  0.499  3.838  0.499 0.0020 0.098  3.6204E+01  4.0003E+03  3.7861E+00 NEW 
   3331   3332  2 15 11   166.808   166.808     0.000  0.499  3.857  0.499  0.000 0.0020 0.088  0.0000E+00  3.7861E+00  0.0000E+00 COAL
   2261   2262  8  1 11   202.124    19.602   202.124  1.073  1.219  1.072  1.219 0.0020 0.001  7.0082E+00  1.2823E+01  1.4836E+02 NEW 
   2261   2262  8 15 11   202.129   202.124     0.000  1.219  1.073  1.219  0.000 0.0020 0.001  0.0000E+00  1.4836E+02  0.0000E+00 COAL
   1575   1576  3  1 11   223.845   223.947   223.867  3.398  3.280  3.397  3.280 0.0020 0.001  5.7382E+01  3.3754E+04  2.7962E+03 NEW 
   1575   1576  3 15 11   223.856   223.867     0.000  3.280  3.398  0.000  0.000 0.0020 0.001  0.0000E+00  0.0000E+00  0.0000E+00 COAL
   3591   3592  5  1 11   247.974   248.074   247.974  3.455  1.074  3.386  1.074 0.0020 0.001  1.8449E+02  4.9755E+04  9.5860E+01 NEW 
   3591   3592  5 15 11   248.056   247.974     0.000  1.074  3.455  1.074  0.000 0.0020 0.001  0.0000E+00  9.5860E+01  0.0000E+00 COAL
   2297   2298  6  4 11   307.348   307.458   307.461  3.171  3.107  2.961  3.071 0.0020 0.002  2.2610E+03  7.8673E+04  1.9205E+03 NEW 
   2297   2298  6 15 11   307.354   307.461     0.000  3.107  3.171  3.071  0.000 0.0020 0.001  0.0000E+00  1.9205E+03  0.0000E+00 COAL
   2784   2783  2 11 13   319.945   295.745   243.495  3.019  0.844  3.019  0.844 0.0020 0.001  8.1913E+00  2.3708E+03  1.0000E-10 NEW 
   2784   2783  2 15 13   319.990   243.495     0.000  0.844  3.019  0.844  0.000 0.0020 0.001  0.0000E+00  1.0000E-10  0.0000E+00 COAL
   3369   3370  8  1 11   328.017    33.176   328.014  0.867  1.058  0.866  1.058 0.0020 0.001  6.2518E+00  3.7989E+00  8.9466E+01 NEW 
   3369   3370  8 15 11   329.099   328.014     0.000  1.058  0.867  1.058  0.000 0.0020 0.001  0.0000E+00  8.9466E+01  0.0000E+00 COAL
   1368   1367  2 12 13   371.542   360.121   336.290  2.786  1.189  2.786  1.189 0.0020 0.001  7.1399E+00  1.8954E+03  1.3330E-01 NEW 
   1368   1367  2 15 13   371.554   336.290     0.000  1.189  2.786  1.189  0.000 0.0020 0.001  0.0000E+00  1.3330E-01  0.0000E+00 COAL
   2397   2398  2  1 11   467.667   467.832   467.667  2.512  1.660  2.512  1.660 0.0020 0.002  1.5932E+01  5.8177E+03  3.1639E+02 NEW 
   2397   2398  2 15 11   467.667   467.667     0.000  1.660  2.512  1.660  0.000 0.0020 0.001  0.0000E+00  3.1639E+02  0.0000E+00 COAL
   1045   1046  6  1 11   484.551   484.699   484.551  2.656  1.196  2.483  1.196 0.0020 0.001  2.1435E+03  3.2563E+04  1.4117E+02 NEW 
   1045   1046  6 15 11   484.626   484.551     0.000  1.196  2.656  1.196  0.000 0.0020 0.001  0.0000E+00  1.4117E+02  0.0000E+00 COAL
   3135   3136  3  1 11   504.008   504.183   504.008  2.440  2.048  2.306  2.048 0.0020 0.034  1.7972E+01  7.9813E+03  6.9758E+02 NEW 
   3135   3136  3 15 11   504.008   504.008     0.000  2.048  2.440  2.048  0.000 0.0020 0.024  0.0000E+00  6.9758E+02  0.0000E+00 COAL
   1355   1356  2  0 11   576.971   577.044   576.971  2.311  0.110  2.311  0.110 0.0020 0.001  2.4358E+00  1.3721E+03  6.6285E-02 NEW 
   1355   1356  2 15 11   576.988   576.971     0.000  0.110  2.311  0.110  0.000 0.0020 0.001  0.0000E+00  6.6299E-02  0.0000E+00 COAL
   2655   2656  2  0 11   663.592   667.670   663.592  2.187  0.152  2.187  0.152 0.0020 0.001  5.5266E+00  1.9763E+03  1.9504E-02 NEW 
   2655   2656  2 15 11   663.629   663.592     0.000  0.152  2.187  0.152  0.000 0.0020 0.001  0.0000E+00  1.9504E-02  0.0000E+00 COAL
